-1.000000000000000000e+01 4.564726253638139220e+00 -4.195357645382261857e+00 4.539992976248485417e-05 1.000000000000000000e+01
-9.959919839679358233e+00 4.369101641854634011e+00 -4.300981424628097294e+00 4.725652399066389064e-05 1.000000000000000000e+01
-9.919839679358718243e+00 4.146957735220230035e+00 -4.399696949384168221e+00 4.918904217172428273e-05 1.000000000000000000e+01
-9.879759519038076476e+00 3.899941716710191741e+00 -4.491345662358607882e+00 5.120058915568332308e-05 1.000000000000000000e+01
-9.839679358717434710e+00 3.629849196691300683e+00 -4.575780357002398269e+00 5.329439676294437305e-05 1.000000000000000000e+01
-9.799599198396792943e+00 3.338611337458476491e+00 -4.652865413953170659e+00 5.547382897665074062e-05 1.000000000000000000e+01
-9.759519038076152952e+00 3.028281188471519503e+00 -4.722477018867591525e+00 5.774238734737627786e-05 1.000000000000000000e+01
-9.719438877755511186e+00 2.701019328157461263e+00 -4.784503361292490098e+00 6.010371661883701522e-05 1.000000000000000000e+01
-9.679358717434869419e+00 2.359078912023971686e+00 -4.838844814255264914e+00 6.256161058366094231e-05 1.000000000000000000e+01
-9.639278557114227652e+00 2.004790230019328323e+00 -4.885414094285155606e+00 6.512001817862573248e-05 1.000000000000000000e+01
-9.599198396793587662e+00 1.640544878560058706e+00 -4.924136401608323332e+00 6.778304982915593613e-05 1.000000000000000000e+01
-9.559118236472945895e+00 1.268779654414963431e+00 -4.954949540291560872e+00 7.055498405327388731e-05 1.000000000000000000e+01
-9.519038076152304129e+00 8.919602786786544613e-01 -4.977804018141657849e+00 7.344027433561293029e-05 1.000000000000000000e+01
-9.478957915831664138e+00 5.125650593853080528e-01 -4.992663126199977874e+00 7.644355628253889914e-05 1.000000000000000000e+01
-9.438877755511022372e+00 1.330686009089272759e-01 -4.999502997704536433e+00 7.956965506987484634e-05 1.000000000000000000e+01
-9.398797595190380605e+00 -2.440743328236841814e-01 -4.998312646424897920e+00 8.282359319519324561e-05 1.000000000000000000e+01
-9.358717434869738838e+00 -6.164446961043834605e-01 -4.989093984308305529e+00 8.621059854713342293e-05 1.000000000000000000e+01
-9.318637274549098848e+00 -9.816746775047517914e-01 -4.971861818408699563e+00 8.973611280470659816e-05 1.000000000000000000e+01
-9.278557114228457081e+00 -1.337462754705161183e+00 -4.946643827103568647e+00 9.340580018008465886e-05 1.000000000000000000e+01
-9.238476953907815314e+00 -1.681588192380911728e+00 -4.913480515636822865e+00 9.722555651891689251e-05 1.000000000000000000e+01
-9.198396793587175324e+00 -2.011924891854612429e+00 -4.872425151059101900e+00 1.012015187727983284e-04 1.000000000000000000e+01
-9.158316633266533557e+00 -2.326454506217655371e+00 -4.823543676670005276e+00 1.053400748591072666e-04 1.000000000000000000e+01
-9.118236472945891791e+00 -2.623278740155048361e+00 -4.766914606099698304e+00 1.096478739240514953e-04 1.000000000000000000e+01
-9.078156312625250024e+00 -2.900630759736066100e+00 -4.702628897199981672e+00 1.141318370254154456e-04 1.000000000000000000e+01
-9.038076152304610034e+00 -3.156885643913175166e+00 -4.630789805947410187e+00 1.187991682521686524e-04 1.000000000000000000e+01
-8.997995991983968267e+00 -3.390569816358663058e+00 -4.551512720593099637e+00 1.236573662988031371e-04 1.000000000000000000e+01
-8.957915831663326500e+00 -3.600369403511890276e+00 -4.464924976325642447e+00 1.287142365129920673e-04 1.000000000000000000e+01
-8.917835671342684734e+00 -3.785137472260514446e+00 -4.371165650744785580e+00 1.339779034359299024e-04 1.000000000000000000e+01
-8.877755511022044743e+00 -3.943900108482185640e+00 -4.270385340474410540e+00 1.394568238554986476e-04 1.000000000000000000e+01
-8.837675350701402976e+00 -4.075861305676547808e+00 -4.162745919273579176e+00 1.451598003932343399e-04 1.000000000000000000e+01
-8.797595190380761210e+00 -4.180406641064741358e+00 -4.048420278034251751e+00 1.510959956469194460e-04 1.000000000000000000e+01
-8.757515030060119443e+00 -4.257105724770381627e+00 -3.927592047083186877e+00 1.572749469115278112e-04 1.000000000000000000e+01
-8.717434869739479453e+00 -4.305713415965390034e+00 -3.800455301234147321e+00 1.637065815021693412e-04 1.000000000000000000e+01
-8.677354709418837686e+00 -4.326169808111484549e+00 -3.667214248064093240e+00 1.704012327036564579e-04 1.000000000000000000e+01
-8.637274549098195919e+00 -4.318598993597702496e+00 -3.528082899914146697e+00 1.773696563723120546e-04 1.000000000000000000e+01
-8.597194388777555929e+00 -4.283306626112457494e+00 -3.383284730142050556e+00 1.846230482166983722e-04 1.000000000000000000e+01
-8.557114228456914162e+00 -4.220776306941904643e+00 -3.233052314178299191e+00 1.921730617850273351e-04 1.000000000000000000e+01
-8.517034068136272396e+00 -4.131664829004040307e+00 -3.077626955962540656e+00 2.000318271881491232e-04 1.000000000000000000e+01
-8.476953907815630629e+00 -4.016796319760179479e+00 -2.917258300360146883e+00 2.082119705882057564e-04 1.000000000000000000e+01
-8.436873747494990639e+00 -3.877155331145548001e+00 -2.752203932181591650e+00 2.167266344842556198e-04 1.000000000000000000e+01
-8.396793587174348872e+00 -3.713878931283924434e+00 -2.582728962448612275e+00 2.255894988274649820e-04 1.000000000000000000e+01
-8.356713426853707105e+00 -3.528247858956200300e+00 -2.409105602571816718e+00 2.348148029997847131e-04 1.000000000000000000e+01
-8.316633266533067115e+00 -3.321676807540431042e+00 -2.231612727123542417e+00 2.444173686914307667e-04 1.000000000000000000e+01
-8.276553106212425348e+00 -3.095703910396869318e+00 -2.050535425908323717e+00 2.544126237139218488e-04 1.000000000000000000e+01
-8.236472945891783581e+00 -2.851979504403548749e+00 -1.866164546050489204e+00 2.648166267869279359e-04 1.000000000000000000e+01
-8.196392785571141815e+00 -2.592254252528231273e+00 -1.678796224834256279e+00 2.756460933387621715e-04 1.000000000000000000e+01
-8.156312625250501824e+00 -2.318366709927806912e+00 -1.488731414046793322e+00 2.869184223619605030e-04 1.000000000000000000e+01
-8.116232464929860058e+00 -2.032230421075632343e+00 -1.296275396588155271e+00 2.986517243671020917e-04 1.000000000000000000e+01
-8.076152304609218291e+00 -1.735820637816147816e+00 -1.101737296124655430e+00 3.108648504797741140e-04 1.000000000000000000e+01
-8.036072144288576524e+00 -1.431160750021767125e+00 -9.054295805730954161e-01 3.235774227274387425e-04 1.000000000000000000e+01
-7.995991983967936534e+00 -1.120308521673777369e+00 -7.076675602134976373e-01 3.368098655648547966e-04 1.000000000000000000e+01
-7.955911823647294767e+00 -8.053422257024297481e-01 -5.087688812363702073e-01 3.505834386887098303e-04 1.000000000000000000e+01
-7.915831663326653000e+00 -4.883467708043841560e-01 -3.090530155381085997e-01 3.649202711941747787e-04 1.000000000000000000e+01
-7.875751503006012122e+00 -1.713999127123379818e-01 -1.088407475838594346e-01 3.798433971282695479e-04 1.000000000000000000e+01
-7.835671342685371243e+00 1.434413589663258715e-01 9.154634083784382592e-02 3.953767924971536931e-04 1.000000000000000000e+01
-7.795591182364729477e+00 4.541541691852954976e-01 2.917863871410962817e-01 4.115454137867999946e-04 1.000000000000000000e+01
-7.755511022044087710e+00 7.587627545566772991e-01 4.915577649196544163e-01 4.283752380589401728e-04 1.000000000000000000e+01
-7.715430861723446831e+00 1.055351025602822679e+00 6.905396005446341468e-01 4.458933046867045178e-04 1.000000000000000000e+01
-7.675350701402805953e+00 1.342074614297702695e+00 8.884122885530951752e-01 4.641277587970072120e-04 1.000000000000000000e+01
-7.635270541082164186e+00 1.617172331182825218e+00 1.084858004999671888e+00 4.831078964894720482e-04 1.000000000000000000e+01
-7.595190380761523308e+00 1.878976960968294474e+00 1.279561217946723506e+00 5.028642119045503324e-04 1.000000000000000000e+01
-7.555110220440882429e+00 2.125925330595726415e+00 1.472209194273085275e+00 5.234284462164553228e-04 1.000000000000000000e+01
-7.515030060120240663e+00 2.356567589208456326e+00 1.662492501987314242e+00 5.448336386296209668e-04 1.000000000000000000e+01
-7.474949899799598896e+00 2.569575645306036549e+00 1.850105507238649860e+00 5.671141794606201570e-04 1.000000000000000000e+01
-7.434869739478958017e+00 2.763750712511504837e+00 2.034746865227399670e+00 5.903058653908282863e-04 1.000000000000000000e+01
-7.394789579158317139e+00 2.938029921807302269e+00 2.216120004226237228e+00 6.144459569786006690e-04 1.000000000000000000e+01
-7.354709418837675372e+00 3.091491964753215527e+00 2.393933601934949973e+00 6.395732385233635466e-04 1.000000000000000000e+01
-7.314629258517033605e+00 3.223361739040383256e+00 2.567902053403538609e+00 6.657280803777985805e-04 1.000000000000000000e+01
-7.274549098196392727e+00 3.333013974711155569e+00 2.737745929772099629e+00 6.929525038082382264e-04 1.000000000000000000e+01
-7.234468937875751848e+00 3.419975826437095190e+00 2.903192427090644401e+00 7.212902485074745547e-04 1.000000000000000000e+01
-7.194388777555110082e+00 3.483928424348011088e+00 3.063975804497947042e+00 7.507868428684503050e-04 1.000000000000000000e+01
-7.154308617234469203e+00 3.524707382995013738e+00 3.219837811055622723e+00 7.814896771317340505e-04 1.000000000000000000e+01
-7.114228456913828325e+00 3.542302275062076511e+00 3.370528100551896777e+00 8.134480795243115422e-04 1.000000000000000000e+01
-7.074148296593186558e+00 3.536855083366059915e+00 3.515804633608732743e+00 8.467133955120052227e-04 1.000000000000000000e+01
-7.034068136272544791e+00 3.508657651458559901e+00 3.655434066446496821e+00 8.813390702928603718e-04 1.000000000000000000e+01
-6.993987975951903913e+00 3.458148159719130366e+00 3.789192125681724477e+00 9.173807346640346604e-04 1.000000000000000000e+01
-6.953907815631263034e+00 3.385906660165500348e+00 3.916863968555982289e+00 9.548962944001481400e-04 1.000000000000000000e+01
-6.913827655310621267e+00 3.292649709260984547e+00 4.038244528017203905e+00 9.939460232866854060e-04 1.000000000000000000e+01
-6.873747494989979501e+00 3.179224143733548669e+00 4.153138842099247441e+00 1.034592659957926175e-03 1.000000000000000000e+01
-6.833667334669338622e+00 3.046600049798374954e+00 4.261362367070637980e+00 1.076901508694988810e-03 1.000000000000000000e+01
-6.793587174348697744e+00 2.895862981162675709e+00 4.362741273849483292e+00 1.120940544345931569e-03 1.000000000000000000e+01
-6.753507014028055977e+00 2.728205485757096760e+00 4.457112727208479619e+00 1.166780521536473804e-03 1.000000000000000000e+01
-6.713426853707415098e+00 2.544918005254549698e+00 4.544325147321530700e+00 1.214495088346802211e-03 1.000000000000000000e+01
-6.673346693386774220e+00 2.347379215080569459e+00 4.624238453231914292e+00 1.264160904637109213e-03 1.000000000000000000e+01
-6.633266533066132453e+00 2.137045875768283310e+00 4.696724287850902790e+00 1.315857765211952317e-03 1.000000000000000000e+01
-6.593186372745490686e+00 1.915442269148348364e+00 4.761666224125455038e+00 1.369668728021322147e-03 1.000000000000000000e+01
-6.553106212424849808e+00 1.684149294976132749e+00 4.818959952043840644e+00 1.425680247604397405e-03 1.000000000000000000e+01
-6.513026052104208929e+00 1.444793305175047449e+00 4.868513446178828197e+00 1.483982313990375159e-03 1.000000000000000000e+01
-6.472945891783567163e+00 1.199034753909920203e+00 4.910247113499306870e+00 1.544668597279539321e-03 1.000000000000000000e+01
-6.432865731462925396e+00 9.485567421951190958e-01 4.944093921212947329e+00 1.607836598136852622e-03 1.000000000000000000e+01
-6.392785571142284518e+00 6.950535356902589612e-01 4.969999504434560400e+00 1.673587804439874123e-03 1.000000000000000000e+01
-6.352705410821643639e+00 4.402191337466557775e-01 4.987922253507202974e+00 1.742027854332668787e-03 1.000000000000000000e+01
-6.312625250501001872e+00 1.857359666489415695e-01 4.997833380835783323e+00 1.813266705947670122e-03 1.000000000000000000e+01
-6.272545090180360994e+00 -6.673620363941626388e-02 4.999716967125817035e+00 1.887418814068185773e-03 1.000000000000000000e+01
-6.232464929859720115e+00 -3.155711060547093938e-01 4.993569986953068529e+00 1.964603314015386706e-03 1.000000000000000000e+01
-6.192384769539078349e+00 -5.591864357823652654e-01 4.979402313622994569e+00 2.044944213055199279e-03 1.000000000000000000e+01
-6.152304609218436582e+00 -7.960539149025660510e-01 4.957236703312205783e+00 2.128570589632628948e-03 1.000000000000000000e+01
-6.112224448897795703e+00 -1.024708874370790834e+00 4.927108758517395160e+00 2.215616800753621510e-03 1.000000000000000000e+01
-6.072144288577154825e+00 -1.243759297291775479e+00 4.889066870870459880e+00 2.306222697847644821e-03 1.000000000000000000e+01
-6.032064128256513058e+00 -1.451894267741234312e+00 4.843172143411655917e+00 2.400533851457788224e-03 1.000000000000000000e+01
-5.991983967935872180e+00 -1.647891774028610090e+00 4.789498292445642846e+00 2.498701785119386478e-03 1.000000000000000000e+01
-5.951903807615230413e+00 -1.830625820240985746e+00 4.728131529138035916e+00 2.600884218802944868e-03 1.000000000000000000e+01
-5.911823647294589534e+00 -1.999072805126033803e+00 4.659170421042679422e+00 2.707245322312438508e-03 1.000000000000000000e+01
-5.871743486973947768e+00 -2.152317132822592960e+00 4.582725733782013755e+00 2.817955979046169682e-03 1.000000000000000000e+01
-5.831663326653306889e+00 -2.289556025590412158e+00 4.498920253134880198e+00 2.933194060543881185e-03 1.000000000000000000e+01
-5.791583166332665122e+00 -2.410103514486083398e+00 4.407888587817468284e+00 3.053144712261294039e-03 1.000000000000000000e+01
-5.751503006012024244e+00 -2.513393589837574993e+00 4.309776953274249145e+00 3.178000651031127281e-03 1.000000000000000000e+01
-5.711422845691383365e+00 -2.598982499344162367e+00 4.204742936826092681e+00 3.307962474688595084e-03 1.000000000000000000e+01
-5.671342685370741599e+00 -2.666550187628939916e+00 4.092955244552857863e+00 3.443238984358762411e-03 1.000000000000000000e+01
-5.631262525050100720e+00 -2.715900877056259599e+00 3.974593430316983866e+00 3.584047519923586750e-03 1.000000000000000000e+01
-5.591182364729458953e+00 -2.746962795554555026e+00 3.849847607363299229e+00 3.730614309207653124e-03 1.000000000000000000e+01
-5.551102204408818075e+00 -2.759787063015348263e+00 3.718918142958351325e+00 3.883174831443532166e-03 1.000000000000000000e+01
-5.511022044088176308e+00 -2.754545753532349206e+00 3.582015336559634111e+00 4.041974195600821392e-03 1.000000000000000000e+01
-5.470941883767535430e+00 -2.731529156261694791e+00 3.439359082031738346e+00 4.207267534186598379e-03 1.000000000000000000e+01
-5.430861723446893663e+00 -2.691142262988926337e+00 3.291178514451872594e+00 4.379320413150092177e-03 1.000000000000000000e+01
-5.390781563126252784e+00 -2.633900515545056553e+00 3.137711642072163798e+00 4.558409258550012375e-03 1.000000000000000000e+01
-5.350701402805611018e+00 -2.560424850989967194e+00 2.979204964029773528e+00 4.744821800670180091e-03 1.000000000000000000e+01
-5.310621242484970139e+00 -2.471436086945724586e+00 2.815913074418971540e+00 4.938857536296832954e-03 1.000000000000000000e+01
-5.270541082164329261e+00 -2.367748693586572362e+00 2.648098253361003795e+00 5.140828209900473802e-03 1.000000000000000000e+01
-5.230460921843687494e+00 -2.250264002550947495e+00 2.476030045728667695e+00 5.351058314495217745e-03 1.000000000000000000e+01
-5.190380761523046615e+00 -2.119962906410531200e+00 2.299984828202213283e+00 5.569885612980387916e-03 1.000000000000000000e+01
-5.150300601202404849e+00 -1.977898105292241970e+00 2.120245365351926203e+00 5.797661680802015417e-03 1.000000000000000000e+01
-5.110220440881763970e+00 -1.825185959784262124e+00 1.937100355460515955e+00 6.034752470805968862e-03 1.000000000000000000e+01
-5.070140280561122204e+00 -1.662998011352396999e+00 1.750843966814686681e+00 6.281538901190400655e-03 1.000000000000000000e+01
-5.030060120240481325e+00 -1.492552233138218165e+00 1.561775365210824384e+00 6.538417467501945503e-03 1.000000000000000000e+01
-4.989979959919839558e+00 -1.315104075197405242e+00 1.370198233433604251e+00 6.805800879659117120e-03 1.000000000000000000e+01
-4.949899799599198680e+00 -1.131937368962141921e+00 1.176420283479454376e+00 7.084118725026177475e-03 1.000000000000000000e+01
-4.909819639278556913e+00 -9.443551559736470535e-01 9.807527623082159529e-01 7.373818158602983910e-03 1.000000000000000000e+01
-4.869739478957916035e+00 -7.536705057332770963e-01 7.835099519170001248e-01 7.675364621439504514e-03 1.000000000000000000e+01
-4.829659318637275156e+00 -5.611973868678360455e-01 5.850086645390883966e-01 7.989242588429423808e-03 1.000000000000000000e+01
-4.789579158316633389e+00 -3.682416547065528456e-01 3.855677337788016579e-01 8.315956346684109587e-03 1.000000000000000000e+01
-4.749498997995992511e+00 -1.760922168347155981e-01 1.855075024996351574e-01 8.656030805737572470e-03 1.000000000000000000e+01
-4.709418837675350744e+00 1.398756376243463252e-02 -1.485069171183048785e-02 9.010012340884174589e-03 1.000000000000000000e+01
-4.669338677354709866e+00 2.007681707045083641e-01 -2.151850326796792001e-01 9.378469671003874381e-03 1.000000000000000000e+01
-4.629258517034068099e+00 3.830618868422841494e-01 -4.151737425411932692e-01 9.761994772285551014e-03 1.000000000000000000e+01
-4.589178356713427220e+00 5.597303460696616551e-01 -6.144955985877765814e-01 1.016120382931619097e-02 1.000000000000000000e+01
-4.549098196392785454e+00 7.296916363098781000e-01 -8.128304492142588433e-01 1.057673822506426629e-02 1.000000000000000000e+01
-4.509018036072144575e+00 8.919269093937907122e-01 -1.009859728147717073e+00 1.100926557134753771e-02 1.000000000000000000e+01
-4.468937875751502808e+00 1.045486457553545634e+00 -1.205266966130001727e+00 1.145948078144118712e-02 1.000000000000000000e+01
-4.428857715430861930e+00 1.189495220504669604e+00 -1.398738299231956361e+00 1.192810718654925030e-02 1.000000000000000000e+01
-4.388777555110221051e+00 1.323157691551940962e+00 -1.589962972983016254e+00 1.241589769793341805e-02 1.000000000000000000e+01
-4.348697394789579285e+00 1.445762195794580096e+00 -1.778633841506332747e+00 1.292363601656607019e-02 1.000000000000000000e+01
-4.308617234468938406e+00 1.556684518290269770e+00 -1.964447860857764239e+00 1.345213789225112137e-02 1.000000000000000000e+01
-4.268537074148296639e+00 1.655390864929304762e+00 -2.147106575776365212e+00 1.400225243423571311e-02 1.000000000000000000e+01
-4.228456913827655761e+00 1.741440143733747226e+00 -2.326316599064451207e+00 1.457486347541817918e-02 1.000000000000000000e+01
-4.188376753507013994e+00 1.814485559295990980e+00 -2.501790082827384687e+00 1.517089099234440394e-02 1.000000000000000000e+01
-4.148296593186373116e+00 1.874275518069829394e+00 -2.673245180816044009e+00 1.579129258327360147e-02 1.000000000000000000e+01
-4.108216432865731349e+00 1.920653847189727426e+00 -2.840406501129487893e+00 1.643706500668863646e-02 1.000000000000000000e+01
-4.068136272545090470e+00 1.953559334384630031e+00 -3.003005548550557346e+00 1.710924578272230573e-02 1.000000000000000000e+01
-4.028056112224448704e+00 1.973024601337284745e+00 -3.160781155804055942e+00 1.780891486007288305e-02 1.000000000000000000e+01
-3.987975951903807825e+00 1.979174327484862328e+00 -3.313479903044695529e+00 1.853719635108664124e-02 1.000000000000000000e+01
-3.947895791583166947e+00 1.972222845729763252e+00 -3.460856524901147147e+00 1.929526033779542862e-02 1.000000000000000000e+01
-3.907815631262525180e+00 1.952471135799995983e+00 -3.602674304422301965e+00 2.008432475181055540e-02 1.000000000000000000e+01
-3.867735470941884302e+00 1.920303245037660478e+00 -3.738705453293027947e+00 2.090565733109345237e-02 1.000000000000000000e+01
-3.827655310621242535e+00 1.876182170174670594e+00 -3.868731477708742261e+00 2.176057765674711472e-02 1.000000000000000000e+01
-3.787575150300601656e+00 1.820645237152066276e+00 -3.992543529321057605e+00 2.265045927310022078e-02 1.000000000000000000e+01
-3.747494989979959890e+00 1.754299019230326939e+00 -4.109942740690900820e+00 2.357673189449073850e-02 1.000000000000000000e+01
-3.707414829659319011e+00 1.677813836502844103e+00 -4.220740544710211317e+00 2.454088370229387528e-02 1.000000000000000000e+01
-3.667334669338677244e+00 1.591917882445168297e+00 -4.324758977479246980e+00 2.554446373588549826e-02 1.000000000000000000e+01
-3.627254509018036366e+00 1.497391025294035005e+00 -4.421830964152927201e+00 2.658908438138177580e-02 1.000000000000000000e+01
-3.587174348697395487e+00 1.395058333839706455e+00 -4.511800587297170040e+00 2.767642396215419867e-02 1.000000000000000000e+01
-3.547094188376753721e+00 1.285783378623693629e+00 -4.594523337324126544e+00 2.880822943528141625e-02 1.000000000000000000e+01
-3.507014028056112842e+00 1.170461360554380770e+00 -4.669866344604083785e+00 2.998631919827034545e-02 1.000000000000000000e+01
-3.466933867735471075e+00 1.050012119581752223e+00 -4.737708592881235248e+00 3.121258601055617796e-02 1.000000000000000000e+01
-3.426853707414830197e+00 9.253730763085092903e-01 -4.797941113650489697e+00 3.248900003447442730e-02 1.000000000000000000e+01
-3.386773547094188430e+00 7.974921592598734899e-01 -4.850467161183153131e+00 3.381761200059153760e-02 1.000000000000000000e+01
-3.346693386773547552e+00 6.673207699936282156e-01 -4.895202367920317599e+00 3.520055650247877477e-02 1.000000000000000000e+01
-3.306613226452905785e+00 5.358068373123340278e-01 -4.932074879984396532e+00 3.664005542622369993e-02 1.000000000000000000e+01
-3.266533066132264906e+00 4.038880105521255315e-01 -4.961025472591121144e+00 3.813842152018838416e-02 1.000000000000000000e+01
-3.226452905811623140e+00 2.724850402791737514e-01 -4.982007645176642185e+00 3.969806211075051217e-02 1.000000000000000000e+01
-3.186372745490982261e+00 1.424953927419126964e-01 -4.994987696086925055e+00 4.132148296999627740e-02 1.000000000000000000e+01
-3.146292585170341383e+00 1.478714212146893005e-02 -4.999944776709499550e+00 4.301129234158004855e-02 1.000000000000000000e+01
-3.106212424849699616e+00 -1.098068179849146508e-01 -4.996870924960576943e+00 4.477020513121798828e-02 1.000000000000000000e+01
-3.066132264529058737e+00 -2.304942053008701142e-01 -4.985771078073791607e+00 4.660104726854864127e-02 1.000000000000000000e+01
-3.026052104208416971e+00 -3.465283864261805014e-01 -4.966663064669989858e+00 4.850676024736868402e-02 1.000000000000000000e+01
-2.985971943887776092e+00 -4.572129891833092707e-01 -4.939577576120828262e+00 5.049040585153752314e-02 1.000000000000000000e+01
-2.945891783567134325e+00 -5.619060613070900878e-01 -4.904558117252159732e+00 5.255517107414458405e-02 1.000000000000000000e+01
-2.905811623246493447e+00 -6.600237507832734662e-01 -4.861660936466400962e+00 5.470437323784141381e-02 1.000000000000000000e+01
-2.865731462925851680e+00 -7.510434870413995601e-01 -4.810954935396109633e+00 5.694146532456646759e-02 1.000000000000000000e+01
-2.825651302605210802e+00 -8.345066462222233694e-01 -4.752521558233896215e+00 5.927004152322397357e-02 1.000000000000000000e+01
-2.785571142284569035e+00 -9.100206878392951282e-01 -4.686454660916409942e+00 6.169384300423152306e-02 1.000000000000000000e+01
-2.745490981963928157e+00 -9.772607543063384083e-01 -4.612860360372549096e+00 6.421676393021245877e-02 1.000000000000000000e+01
-2.705410821643287278e+00 -1.035970728975773802e+00 -4.531856864077993485e+00 6.684285771249147412e-02 1.000000000000000000e+01
-2.665330661322645511e+00 -1.085963752497193013e+00 -4.443574280189859671e+00 6.957634352344423123e-02 1.000000000000000000e+01
-2.625250501002004633e+00 -1.127122201427013026e+00 -4.348154408566440310e+00 7.242161307516425950e-02 1.000000000000000000e+01
-2.585170340681362866e+00 -1.159397137071100037e+00 -4.245750513007657823e+00 7.538323767533866571e-02 1.000000000000000000e+01
-2.545090180360721988e+00 -1.182807236491066671e+00 -4.136527075082121030e+00 7.846597557166749837e-02 1.000000000000000000e+01
-2.505010020040080221e+00 -1.197437221423404363e+00 -4.020659529936120080e+00 8.167477959662822196e-02 1.000000000000000000e+01
-2.464929859719439342e+00 -1.203435804520805785e+00 -3.898333984508970840e+00 8.501480512486578323e-02 1.000000000000000000e+01
-2.424849699398797576e+00 -1.201013175800780930e+00 -3.769746918607246311e+00 8.849141835599498573e-02 1.000000000000000000e+01
-2.384769539078156697e+00 -1.190438055453130639e+00 -3.635104869318105614e+00 9.211020493612033511e-02 1.000000000000000000e+01
-2.344689378757514930e+00 -1.172034342192103118e+00 -3.494624099268527573e+00 9.587697893192727305e-02 1.000000000000000000e+01
-2.304609218436874052e+00 -1.146177389119995338e+00 -3.348530249263399483e+00 9.979779217176062978e-02 1.000000000000000000e+01
-2.264529058116233173e+00 -1.113289941577513487e+00 -3.197057975860274404e+00 1.038789439687002603e-01 1.000000000000000000e+01
-2.224448897795591407e+00 -1.073837773675597518e+00 -3.040450574463036126e+00 1.081269912412532869e-01 1.000000000000000000e+01
-2.184368737474950528e+00 -1.028325062118969235e+00 -2.878959588539801828e+00 1.125487590479241073e-01 1.000000000000000000e+01
-2.144288577154308761e+00 -9.772895375312874444e-01 -2.712844405592722108e+00 1.171513515525881982e-01 1.000000000000000000e+01
-2.104208416833667883e+00 -9.212974547657748481e-01 -2.542371840528708127e+00 1.219421634382848174e-01 1.000000000000000000e+01
-2.064128256513026116e+00 -8.609384246262362650e-01 -2.367815707100178635e+00 1.269288917877692269e-01 1.000000000000000000e+01
-2.024048096192385238e+00 -7.968201500270684079e-01 -2.189456378104279732e+00 1.321195484499091966e-01 1.000000000000000000e+01
-1.983967935871744359e+00 -7.295631098849131302e-01 -2.007580335046897257e+00 1.375224729117969780e-01 1.000000000000000000e+01
-1.943887775551102592e+00 -6.597952339598108784e-01 -1.822479707994861364e+00 1.431463456972551507e-01 1.000000000000000000e+01
-1.903807615230460826e+00 -5.881466114529768641e-01 -1.634451806355412318e+00 1.490002023132636910e-01 1.000000000000000000e+01
-1.863727454909820835e+00 -5.152442754274273451e-01 -1.443798641336573096e+00 1.550934477667157141e-01 1.000000000000000000e+01
-1.823647294589179069e+00 -4.417071040547185246e-01 -1.250826440855445032e+00 1.614358716748251210e-01 1.000000000000000000e+01
-1.783567134268537302e+00 -3.681408783165788234e-01 -1.055845157673687584e+00 1.680376639934599292e-01 1.000000000000000000e+01
-1.743486973947895535e+00 -2.951335341168880300e-01 -8.591679715500520897e-01 1.749094313886760677e-01 1.000000000000000000e+01
-1.703406813627255545e+00 -2.232506448026644053e-01 -6.611107862097509447e-01 1.820622142777504338e-01 1.000000000000000000e+01
-1.663326653306613778e+00 -1.530311678691699817e-01 -4.619917219385278884e-01 1.895075045670952807e-01 1.000000000000000000e+01
-1.623246492985972012e+00 -8.498348715337718240e-02 -2.621306046165666204e-01 1.972572641155476147e-01 1.000000000000000000e+01
-1.583166332665330245e+00 -1.958177912230402509e-02 -6.184845201277964361e-02 2.053239439527031474e-01 1.000000000000000000e+01
-1.543086172344690254e+00 4.273727103897246443e-02 1.385330418352678505e-01 2.137205042831670510e-01 1.000000000000000000e+01
-1.503006012024048488e+00 1.015773809170071318e-01 3.386920233277119219e-01 2.224604353088648345e-01 1.000000000000000000e+01
-1.462925851703406721e+00 1.565851905519206888e-01 5.383069962649454920e-01 2.315577789028613886e-01 1.000000000000000000e+01
-1.422845691382766731e+00 2.074523742923592429e-01 7.370573382361954584e-01 2.410271511695170898e-01 1.000000000000000000e+01
-1.382765531062124964e+00 2.539173322721619552e-01 9.346238156046164924e-01 2.508837659272239451e-01 1.000000000000000000e+01
-1.342685370741483197e+00 2.957664524995223809e-01 1.130689096261650928e+00 2.611434591514456005e-01 1.000000000000000000e+01
-1.302605210420841431e+00 3.328349381375354521e-01 1.324938259327234302e+00 2.718227144173406273e-01 1.000000000000000000e+01
-1.262525050100201440e+00 3.650071981605637617e-01 1.517059300977022573e+00 2.829386893828391147e-01 1.000000000000000000e+01
-1.222444889779559674e+00 3.922168031657372045e-01 1.706743635584284213e+00 2.945092433547263910e-01 1.000000000000000000e+01
-1.182364729458917907e+00 4.144460116747064604e-01 1.893686591371381844e+00 3.065529659820151465e-01 1.000000000000000000e+01
-1.142284569138276140e+00 4.317248757499742018e-01 2.077587899774901548e+00 3.190892071227156568e-01 1.000000000000000000e+01
-1.102204408817636150e+00 4.441299381454171802e-01 2.258152177738266708e+00 3.321381079319800089e-01 1.000000000000000000e+01
-1.062124248496994383e+00 4.517825364859270887e-01 2.435089402157281313e+00 3.457206332215757016e-01 1.000000000000000000e+01
-1.022044088176352616e+00 4.548467331010663806e-01 2.608115375716412387e+00 3.598586051426681531e-01 1.000000000000000000e+01
-9.819639278557126261e-01 4.535268920983598906e-01 2.776952183367742855e+00 3.745747382460388741e-01 1.000000000000000000e+01
-9.418837675350708594e-01 4.480649280306624460e-01 2.941328638719313826e+00 3.898926759760642513e-01 1.000000000000000000e+01
-9.018036072144290927e-01 4.387372530680018201e-01 3.100980719615803238e+00 4.058370286570808783e-01 1.000000000000000000e+01
-8.617234468937873260e-01 4.258514519080723870e-01 3.255651992212059032e+00 4.224334130331792725e-01 1.000000000000000000e+01
-8.216432865731473356e-01 4.097427157337488191e-01 3.405094022858202063e+00 4.397084934249426147e-01 1.000000000000000000e+01
-7.815631262525055689e-01 3.907700683351869597e-01 3.549066777134831874e+00 4.576900245692623326e-01 1.000000000000000000e+01
-7.414829659318638022e-01 3.693124190449946220e-01 3.687339005397281433e+00 4.764068962110458716e-01 1.000000000000000000e+01
-7.014028056112220355e-01 3.457644783764477481e-01 3.819688614209799216e+00 4.958891795184750539e-01 1.000000000000000000e+01
-6.613226452905820452e-01 3.205325731980779858e-01 3.945903023072946603e+00 5.161681753963754948e-01 1.000000000000000000e+01
-6.212424849699402785e-01 2.940303989166170862e-01 4.065779505871317312e+00 5.372764647753273115e-01 1.000000000000000000e+01
-5.811623246492985118e-01 2.666747464702857728e-01 4.179125516493041204e+00 5.592479609573010046e-01 1.000000000000000000e+01
-5.410821643286585214e-01 2.388812419540115306e-01 4.285758998098182282e+00 5.821179641019346152e-01 1.000000000000000000e+01
-5.010020040080167547e-01 2.110601364082602405e-01 4.385508675539212753e+00 6.059232179409844710e-01 1.000000000000000000e+01
-4.609218436873749880e-01 1.836121827068908363e-01 4.478214330463849535e+00 6.307019688120591994e-01 1.000000000000000000e+01
-4.208416833667332213e-01 1.569246355823587513e-01 4.563727058658465729e+00 6.564940271065021760e-01 1.000000000000000000e+01
-3.807615230460932310e-01 1.313674096367565547e-01 4.641909509218657526e+00 6.833408312301298970e-01 1.000000000000000000e+01
-3.406813627254514643e-01 1.072894287146340664e-01 4.712636105162858691e+00 7.112855141796017300e-01 1.000000000000000000e+01
-3.006012024048096976e-01 8.501519827082629210e-02 4.775793245134599907e+00 7.403729728413643851e-01 1.000000000000000000e+01
-2.605210420841679309e-01 6.484163036799034385e-02 4.831279485869496959e+00 7.706499401245358039e-01 1.000000000000000000e+01
-2.204408817635279405e-01 4.703514870083657512e-02 4.879005705133844017e+00 8.021650600435971112e-01 1.000000000000000000e+01
-1.803607214428861738e-01 3.182909858530749703e-02 4.918895244873132455e+00 8.349689658715412355e-01 1.000000000000000000e+01
-1.402805611222444071e-01 1.942148419136424317e-02 4.950884034340525375e+00 8.691143614890185498e-01 1.000000000000000000e+01
-1.002004008016044168e-01 9.973052459062379735e-03 4.974920693007568673e+00 9.046561060602029691e-01 1.000000000000000000e+01
-6.012024048096265005e-02 3.605740142309626830e-03 4.990966613091817550e+00 9.416513021714131293e-01 1.000000000000000000e+01
-2.004008016032088335e-02 4.014972971844170033e-04 4.998996021568808068e+00 9.801593875740773898e-01 1.000000000000000000e+01
2.004008016032088335e-02 4.014972971844170033e-04 4.998996021568808068e+00 1.020242230679470063e+00 1.000000000000000000e+01
6.012024048096087370e-02 3.605740142309414326e-03 4.990966613091817550e+00 1.061964229958621830e+00 1.000000000000000000e+01
1.002004008016026404e-01 9.973052459062027586e-03 4.974920693007569561e+00 1.105392417407118355e+00 1.000000000000000000e+01
1.402805611222444071e-01 1.942148419136424317e-02 4.950884034340525375e+00 1.150596566240995600e+00 1.000000000000000000e+01
1.803607214428861738e-01 3.182909858530749703e-02 4.918895244873132455e+00 1.197649302996787624e+00 1.000000000000000000e+01
2.204408817635261641e-01 4.703514870083583960e-02 4.879005705133845794e+00 1.246626224215810375e+00 1.000000000000000000e+01
2.605210420841679309e-01 6.484163036799034385e-02 4.831279485869496959e+00 1.297606017900165609e+00 1.000000000000000000e+01
3.006012024048096976e-01 8.501519827082629210e-02 4.775793245134599907e+00 1.350670589935573540e+00 1.000000000000000000e+01
3.406813627254496879e-01 1.072894287146330394e-01 4.712636105162861355e+00 1.405905195684183928e+00 1.000000000000000000e+01
3.807615230460914546e-01 1.313674096367554445e-01 4.641909509218661078e+00 1.463398576958774511e+00 1.000000000000000000e+01
4.208416833667332213e-01 1.569246355823587513e-01 4.563727058658465729e+00 1.523243104598377862e+00 1.000000000000000000e+01
4.609218436873749880e-01 1.836121827068908363e-01 4.478214330463849535e+00 1.585534926874450301e+00 1.000000000000000000e+01
5.010020040080149784e-01 2.110601364082590192e-01 4.385508675539217194e+00 1.650374123965977269e+00 1.000000000000000000e+01
5.410821643286567451e-01 2.388812419540102538e-01 4.285758998098186723e+00 1.717864868751736829e+00 1.000000000000000000e+01
5.811623246492985118e-01 2.666747464702857728e-01 4.179125516493041204e+00 1.788115594178001366e+00 1.000000000000000000e+01
6.212424849699402785e-01 2.940303989166170862e-01 4.065779505871317312e+00 1.861239167470642331e+00 1.000000000000000000e+01
6.613226452905802688e-01 3.205325731980768755e-01 3.945903023072951932e+00 1.937353071471481059e+00 1.000000000000000000e+01
7.014028056112220355e-01 3.457644783764477481e-01 3.819688614209799216e+00 2.016579593390267711e+00 1.000000000000000000e+01
7.414829659318638022e-01 3.693124190449946220e-01 3.687339005397281433e+00 2.099046021275487561e+00 1.000000000000000000e+01
7.815631262525037926e-01 3.907700683351860715e-01 3.549066777134837647e+00 2.184884848519716538e+00 1.000000000000000000e+01
8.216432865731455593e-01 4.097427157337479309e-01 3.405094022858208280e+00 2.274233986728064316e+00 1.000000000000000000e+01
8.617234468937873260e-01 4.258514519080723870e-01 3.255651992212059032e+00 2.367236987291667649e+00 1.000000000000000000e+01
9.018036072144290927e-01 4.387372530680018201e-01 3.100980719615803238e+00 2.464043272022296449e+00 1.000000000000000000e+01
9.418837675350690830e-01 4.480649280306620574e-01 2.941328638719320487e+00 2.564808373218554038e+00 1.000000000000000000e+01
9.819639278557108497e-01 4.535268920983597241e-01 2.776952183367749960e+00 2.669694183549424782e+00 1.000000000000000000e+01
1.022044088176352616e+00 4.548467331010663806e-01 2.608115375716412387e+00 2.778869216156561794e+00 1.000000000000000000e+01
1.062124248496994383e+00 4.517825364859270887e-01 2.435089402157281313e+00 2.892508875393301260e+00 1.000000000000000000e+01
1.102204408817634373e+00 4.441299381454175133e-01 2.258152177738274702e+00 3.010795738635304808e+00 1.000000000000000000e+01
1.142284569138276140e+00 4.317248757499742018e-01 2.077587899774901548e+00 3.133919849615656172e+00 1.000000000000000000e+01
1.182364729458917907e+00 4.144460116747064604e-01 1.893686591371381844e+00 3.262079023755613871e+00 1.000000000000000000e+01
1.222444889779557897e+00 3.922168031657382592e-01 1.706743635584292429e+00 3.395479165981667435e+00 1.000000000000000000e+01
1.262525050100199664e+00 3.650071981605650939e-01 1.517059300977031011e+00 3.534334601539475873e+00 1.000000000000000000e+01
1.302605210420841431e+00 3.328349381375354521e-01 1.324938259327234302e+00 3.678868420336126377e+00 1.000000000000000000e+01
1.342685370741483197e+00 2.957664524995223809e-01 1.130689096261650928e+00 3.829312835364057754e+00 1.000000000000000000e+01
1.382765531062123188e+00 2.539173322721638981e-01 9.346238156046251522e-01 3.985909555782406244e+00 1.000000000000000000e+01
1.422845691382764954e+00 2.074523742923614356e-01 7.370573382362043402e-01 4.148910175255264399e+00 1.000000000000000000e+01
1.462925851703406721e+00 1.565851905519206888e-01 5.383069962649454920e-01 4.318576576170652714e+00 1.000000000000000000e+01
1.503006012024048488e+00 1.015773809170071318e-01 3.386920233277119219e-01 4.495181350389774622e+00 1.000000000000000000e+01
1.543086172344688478e+00 4.273727103897514978e-02 1.385330418352767323e-01 4.679008237202441300e+00 1.000000000000000000e+01
1.583166332665330245e+00 -1.958177912230402509e-02 -6.184845201277964361e-02 4.870352579192382514e+00 1.000000000000000000e+01
1.623246492985972012e+00 -8.498348715337718240e-02 -2.621306046165666204e-01 5.069521796744727027e+00 1.000000000000000000e+01
1.663326653306612002e+00 -1.530311678691669286e-01 -4.619917219385191176e-01 5.276835881958160002e+00 1.000000000000000000e+01
1.703406813627253769e+00 -2.232506448026612411e-01 -6.611107862097421739e-01 5.492627912755243536e+00 1.000000000000000000e+01
1.743486973947895535e+00 -2.951335341168880300e-01 -8.591679715500520897e-01 5.717244588016776596e+00 1.000000000000000000e+01
1.783567134268537302e+00 -3.681408783165788234e-01 -1.055845157673687584e+00 5.951046784600149131e+00 1.000000000000000000e+01
1.823647294589177292e+00 -4.417071040547152494e-01 -1.250826440855436594e+00 6.194410137136464378e+00 1.000000000000000000e+01
1.863727454909819059e+00 -5.152442754274240144e-01 -1.443798641336564437e+00 6.447725641538069929e+00 1.000000000000000000e+01
1.903807615230460826e+00 -5.881466114529768641e-01 -1.634451806355412318e+00 6.711400283185938065e+00 1.000000000000000000e+01
1.943887775551102592e+00 -6.597952339598108784e-01 -1.822479707994861364e+00 6.985857690806389186e+00 1.000000000000000000e+01
1.983967935871742583e+00 -7.295631098849101326e-01 -2.007580335046888820e+00 7.271538817087515483e+00 1.000000000000000000e+01
2.024048096192384349e+00 -7.968201500270669646e-01 -2.189456378104275736e+00 7.568902647128948225e+00 1.000000000000000000e+01
2.064128256513026116e+00 -8.609384246262362650e-01 -2.367815707100178635e+00 7.878426935862991698e+00 1.000000000000000000e+01
2.104208416833666107e+00 -9.212974547657725166e-01 -2.542371840528701021e+00 8.200608975632126985e+00 1.000000000000000000e+01
2.144288577154307873e+00 -9.772895375312862232e-01 -2.712844405592718111e+00 8.535966395155996977e+00 1.000000000000000000e+01
2.184368737474949640e+00 -1.028325062118968125e+00 -2.878959588539798276e+00 8.885037991171378380e+00 1.000000000000000000e+01
2.224448897795591407e+00 -1.073837773675597518e+00 -3.040450574463036126e+00 9.248384594081572985e+00 1.000000000000000000e+01
2.264529058116231397e+00 -1.113289941577511710e+00 -3.197057975860268186e+00 9.626589969005729941e+00 1.000000000000000000e+01
2.304609218436873164e+00 -1.146177389119994450e+00 -3.348530249263395930e+00 1.002026175367599947e+01 1.000000000000000000e+01
2.344689378757514930e+00 -1.172034342192103118e+00 -3.494624099268527573e+00 1.043003243468904806e+01 1.000000000000000000e+01
2.384769539078156697e+00 -1.190438055453130639e+00 -3.635104869318105614e+00 1.085656036368080457e+01 1.000000000000000000e+01
2.424849699398796687e+00 -1.201013175800780708e+00 -3.769746918607243646e+00 1.130053081505674051e+01 1.000000000000000000e+01
2.464929859719438454e+00 -1.203435804520805785e+00 -3.898333984508968175e+00 1.176265708697733103e+01 1.000000000000000000e+01
2.505010020040080221e+00 -1.197437221423404363e+00 -4.020659529936120080e+00 1.224368164736722520e+01 1.000000000000000000e+01
2.545090180360720211e+00 -1.182807236491067560e+00 -4.136527075082116589e+00 1.274437732678975799e+01 1.000000000000000000e+01
2.585170340681361978e+00 -1.159397137071100703e+00 -4.245750513007655158e+00 1.326554856010310601e+01 1.000000000000000000e+01
2.625250501002003745e+00 -1.127122201427013692e+00 -4.348154408566438534e+00 1.380803267889281294e+01 1.000000000000000000e+01
2.665330661322645511e+00 -1.085963752497193013e+00 -4.443574280189859671e+00 1.437270125675752119e+01 1.000000000000000000e+01
2.705410821643285502e+00 -1.035970728975776245e+00 -4.531856864077989933e+00 1.496046150960897769e+01 1.000000000000000000e+01
2.745490981963927268e+00 -9.772607543063398516e-01 -4.612860360372547319e+00 1.557225775323634842e+01 1.000000000000000000e+01
2.785571142284569035e+00 -9.100206878392951282e-01 -4.686454660916409942e+00 1.620907292047621340e+01 1.000000000000000000e+01
2.825651302605209025e+00 -8.345066462222267001e-01 -4.752521558233893550e+00 1.687193014042625450e+01 1.000000000000000000e+01
2.865731462925850792e+00 -7.510434870414013364e-01 -4.810954935396108745e+00 1.756189438223967514e+01 1.000000000000000000e+01
2.905811623246492559e+00 -6.600237507832756867e-01 -4.861660936466400074e+00 1.828007416614098446e+01 1.000000000000000000e+01
2.945891783567134325e+00 -5.619060613070900878e-01 -4.904558117252159732e+00 1.902762334441276693e+01 1.000000000000000000e+01
2.985971943887774316e+00 -4.572129891833140447e-01 -4.939577576120827374e+00 1.980574295521426009e+01 1.000000000000000000e+01
3.026052104208416083e+00 -3.465283864261829994e-01 -4.966663064669988970e+00 2.061568315221063230e+01 1.000000000000000000e+01
3.066132264529057849e+00 -2.304942053008727232e-01 -4.985771078073791607e+00 2.145874521311253602e+01 1.000000000000000000e+01
3.106212424849699616e+00 -1.098068179849146508e-01 -4.996870924960576943e+00 2.233628363035366249e+01 1.000000000000000000e+01
3.146292585170339606e+00 1.478714212146333383e-02 -4.999944776709499550e+00 2.324970828726469563e+01 1.000000000000000000e+01
3.186372745490981373e+00 1.424953927419098099e-01 -4.994987696086925055e+00 2.420048672324039529e+01 1.000000000000000000e+01
3.226452905811623140e+00 2.724850402791737514e-01 -4.982007645176642185e+00 2.519014649153851337e+01 1.000000000000000000e+01
3.266533066132263130e+00 4.038880105521197028e-01 -4.961025472591122032e+00 2.622027761349937336e+01 1.000000000000000000e+01
3.306613226452904897e+00 5.358068373123312522e-01 -4.932074879984397420e+00 2.729253513312886170e+01 1.000000000000000000e+01
3.346693386773546663e+00 6.673207699936253290e-01 -4.895202367920318487e+00 2.840864177614864161e+01 1.000000000000000000e+01
3.386773547094188430e+00 7.974921592598734899e-01 -4.850467161183153131e+00 2.957039071778658013e+01 1.000000000000000000e+01
3.426853707414828420e+00 9.253730763085035171e-01 -4.797941113650491474e+00 3.077964846375350305e+01 1.000000000000000000e+01
3.466933867735470187e+00 1.050012119581749559e+00 -4.737708592881237024e+00 3.203835784903552764e+01 1.000000000000000000e+01
3.507014028056111954e+00 1.170461360554378105e+00 -4.669866344604085562e+00 3.334854115931910457e+01 1.000000000000000000e+01
3.547094188376753721e+00 1.285783378623693629e+00 -4.594523337324126544e+00 3.471230338006475336e+01 1.000000000000000000e+01
3.587174348697393711e+00 1.395058333839701792e+00 -4.511800587297173593e+00 3.613183557844887872e+01 1.000000000000000000e+01
3.627254509018035478e+00 1.497391025294032785e+00 -4.421830964152928978e+00 3.760941842360768561e+01 1.000000000000000000e+01
3.667334669338677244e+00 1.591917882445168297e+00 -4.324758977479246980e+00 3.914742585083808990e+01 1.000000000000000000e+01
3.707414829659317235e+00 1.677813836502840550e+00 -4.220740544710216646e+00 4.074832887564381423e+01 1.000000000000000000e+01
3.747494989979959001e+00 1.754299019230325385e+00 -4.109942740690902596e+00 4.241469956375390638e+01 1.000000000000000000e+01
3.787575150300600768e+00 1.820645237152064499e+00 -3.992543529321059825e+00 4.414921516349133412e+01 1.000000000000000000e+01
3.827655310621242535e+00 1.876182170174670594e+00 -3.868731477708742261e+00 4.595466240713231798e+01 1.000000000000000000e+01
3.867735470941882525e+00 1.920303245037658701e+00 -3.738705453293034164e+00 4.783394198816584719e+01 1.000000000000000000e+01
3.907815631262524292e+00 1.952471135799995539e+00 -3.602674304422304630e+00 4.979007322164771665e+01 1.000000000000000000e+01
3.947895791583166059e+00 1.972222845729763252e+00 -3.460856524901150255e+00 5.182619889513517819e+01 1.000000000000000000e+01
3.987975951903807825e+00 1.979174327484862328e+00 -3.313479903044695529e+00 5.394559031799759907e+01 1.000000000000000000e+01
4.028056112224447816e+00 1.973024601337284967e+00 -3.160781155804059495e+00 5.615165257721416481e+01 1.000000000000000000e+01
4.068136272545089582e+00 1.953559334384630919e+00 -3.003005548550561343e+00 5.844793000810384598e+01 1.000000000000000000e+01
4.108216432865731349e+00 1.920653847189727426e+00 -2.840406501129487893e+00 6.083811188877552212e+01 1.000000000000000000e+01
4.148296593186371339e+00 1.874275518069831614e+00 -2.673245180816051114e+00 6.332603836744908676e+01 1.000000000000000000e+01
4.188376753507013106e+00 1.814485559295992312e+00 -2.501790082827388684e+00 6.591570663216965897e+01 1.000000000000000000e+01
4.228456913827654873e+00 1.741440143733749224e+00 -2.326316599064455204e+00 6.861127733282641827e+01 1.000000000000000000e+01
4.268537074148296639e+00 1.655390864929304762e+00 -2.147106575776365212e+00 7.141708126579587201e+01 1.000000000000000000e+01
4.308617234468936630e+00 1.556684518290274655e+00 -1.964447860857772454e+00 7.433762633194768910e+01 1.000000000000000000e+01
4.348697394789578397e+00 1.445762195794582761e+00 -1.778633841506336744e+00 7.737760477919343316e+01 1.000000000000000000e+01
4.388777555110220163e+00 1.323157691551944071e+00 -1.589962972983020695e+00 8.054190074121225962e+01 1.000000000000000000e+01
4.428857715430861930e+00 1.189495220504669604e+00 -1.398738299231956361e+00 8.383559808446821648e+01 1.000000000000000000e+01
4.468937875751501920e+00 1.045486457553548965e+00 -1.205266966130005946e+00 8.726398857612424820e+01 1.000000000000000000e+01
4.509018036072143687e+00 8.919269093937942650e-01 -1.009859728147721514e+00 9.083258038597743678e+01 1.000000000000000000e+01
4.549098196392785454e+00 7.296916363098781000e-01 -8.128304492142588433e-01 9.454710693607279381e+01 1.000000000000000000e+01
4.589178356713425444e+00 5.597303460696694266e-01 -6.144955985877853522e-01 9.841353611221616404e+01 1.000000000000000000e+01
4.629258517034067211e+00 3.830618868422880907e-01 -4.151737425411976545e-01 1.024380798521849272e+02 1.000000000000000000e+01
4.669338677354708977e+00 2.007681707045124719e-01 -2.151850326796836410e-01 1.066272041260393308e+02 1.000000000000000000e+01
4.709418837675350744e+00 1.398756376243463252e-02 -1.485069171183048785e-02 1.109876393245724984e+02 1.000000000000000000e+01
4.749498997995990734e+00 -1.760922168347071326e-01 1.855075024996262756e-01 1.155263910725869039e+02 1.000000000000000000e+01
4.789579158316632501e+00 -3.682416547065485157e-01 3.855677337787972170e-01 1.202507514843722589e+02 1.000000000000000000e+01
4.829659318637274268e+00 -5.611973868678318267e-01 5.850086645390839557e-01 1.251683108794654373e+02 1.000000000000000000e+01
4.869739478957916035e+00 -7.536705057332770963e-01 7.835099519170001248e-01 1.302869699775189645e+02 1.000000000000000000e+01
4.909819639278556025e+00 -9.443551559736429457e-01 9.807527623082117341e-01 1.356149525918680183e+02 1.000000000000000000e+01
4.949899799599197792e+00 -1.131937368962137924e+00 1.176420283479449935e+00 1.411608188421918157e+02 1.000000000000000000e+01
4.989979959919839558e+00 -1.315104075197405242e+00 1.370198233433604251e+00 1.469334789074944467e+02 1.000000000000000000e+01
5.030060120240479549e+00 -1.492552233138210172e+00 1.561775365210815725e+00 1.529422073415046270e+02 1.000000000000000000e+01
5.070140280561121315e+00 -1.662998011352393446e+00 1.750843966814682462e+00 1.591966579734929610e+02 1.000000000000000000e+01
5.110220440881763082e+00 -1.825185959784258793e+00 1.937100355460512180e+00 1.657068794184435774e+02 1.000000000000000000e+01
5.150300601202404849e+00 -1.977898105292241970e+00 2.120245365351926203e+00 1.724833312215047556e+02 1.000000000000000000e+01
5.190380761523044839e+00 -2.119962906410525427e+00 2.299984828202205289e+00 1.795369006626526698e+02 1.000000000000000000e+01
5.230460921843686606e+00 -2.250264002550944387e+00 2.476030045728663698e+00 1.868789202485699832e+02 1.000000000000000000e+01
5.270541082164328373e+00 -2.367748693586569697e+00 2.648098253360999799e+00 1.945211859198382172e+02 1.000000000000000000e+01
5.310621242484970139e+00 -2.471436086945724586e+00 2.815913074418971540e+00 2.024759760027016853e+02 1.000000000000000000e+01
5.350701402805610130e+00 -2.560424850989965861e+00 2.979204964029769975e+00 2.107560709358472764e+02 1.000000000000000000e+01
5.390781563126251896e+00 -2.633900515545054777e+00 3.137711642072160245e+00 2.193747738038970567e+02 1.000000000000000000e+01
5.430861723446893663e+00 -2.691142262988926337e+00 3.291178514451872594e+00 2.283459317105983075e+02 1.000000000000000000e+01
5.470941883767533653e+00 -2.731529156261693458e+00 3.439359082031731685e+00 2.376839580260566152e+02 1.000000000000000000e+01
5.511022044088175420e+00 -2.754545753532349650e+00 3.582015336559631447e+00 2.474038555437520870e+02 1.000000000000000000e+01
5.551102204408817187e+00 -2.759787063015348707e+00 3.718918142958348660e+00 2.575212405845396688e+02 1.000000000000000000e+01
5.591182364729458953e+00 -2.746962795554555026e+00 3.849847607363299229e+00 2.680523680863676077e+02 1.000000000000000000e+01
5.631262525050098944e+00 -2.715900877056261375e+00 3.974593430316978093e+00 2.790141577200177494e+02 1.000000000000000000e+01
5.671342685370740710e+00 -2.666550187628941693e+00 4.092955244552856087e+00 2.904242210728309601e+02 1.000000000000000000e+01
5.711422845691382477e+00 -2.598982499344164587e+00 4.204742936826090904e+00 3.023008899440847017e+02 1.000000000000000000e+01
5.751503006012024244e+00 -2.513393589837574993e+00 4.309776953274249145e+00 3.146632457974928911e+02 1.000000000000000000e+01
5.791583166332664234e+00 -2.410103514486086507e+00 4.407888587817466508e+00 3.275311504181388500e+02 1.000000000000000000e+01
5.831663326653306001e+00 -2.289556025590415267e+00 4.498920253134877534e+00 3.409252778231032721e+02 1.000000000000000000e+01
5.871743486973947768e+00 -2.152317132822592960e+00 4.582725733782013755e+00 3.548671474770457621e+02 1.000000000000000000e+01
5.911823647294587758e+00 -1.999072805126040686e+00 4.659170421042675869e+00 3.693791588661169953e+02 1.000000000000000000e+01
5.951903807615229525e+00 -1.830625820240989521e+00 4.728131529138034139e+00 3.844846274857434310e+02 1.000000000000000000e+01
5.991983967935871291e+00 -1.647891774028614531e+00 4.789498292445641070e+00 4.002078223000988260e+02 1.000000000000000000e+01
6.032064128256511282e+00 -1.451894267741243194e+00 4.843172143411653252e+00 4.165740047334560359e+02 1.000000000000000000e+01
6.072144288577153048e+00 -1.243759297291785026e+00 4.889066870870458104e+00 4.336094692560608905e+02 1.000000000000000000e+01
6.112224448897794815e+00 -1.024708874370795719e+00 4.927108758517395160e+00 4.513415856297254436e+02 1.000000000000000000e+01
6.152304609218436582e+00 -7.960539149025660510e-01 4.957236703312205783e+00 4.697988428810296000e+02 1.000000000000000000e+01
6.192384769539078349e+00 -5.591864357823652654e-01 4.979402313622994569e+00 4.890108950727678803e+02 1.000000000000000000e+01
6.232464929859720115e+00 -3.155711060547093938e-01 4.993569986953068529e+00 5.090086089471841433e+02 1.000000000000000000e+01
6.272545090180358329e+00 -6.673620363943293110e-02 4.999716967125817035e+00 5.298241135175369436e+02 1.000000000000000000e+01
6.312625250501000096e+00 1.857359666489303562e-01 4.997833380835784212e+00 5.514908516876819249e+02 1.000000000000000000e+01
6.352705410821641863e+00 4.402191337466445642e-01 4.987922253507203862e+00 5.740436339825780578e+02 1.000000000000000000e+01
6.392785571142283629e+00 6.950535356902532991e-01 4.969999504434561288e+00 5.975186944760778260e+02 1.000000000000000000e+01
6.432865731462925396e+00 9.485567421951190958e-01 4.944093921212947329e+00 6.219537490058327194e+02 1.000000000000000000e+01
6.472945891783567163e+00 1.199034753909920203e+00 4.910247113499306870e+00 6.473880557688514727e+02 1.000000000000000000e+01
6.513026052104208929e+00 1.444793305175047449e+00 4.868513446178828197e+00 6.738624783950664323e+02 1.000000000000000000e+01
6.553106212424850696e+00 1.684149294976137634e+00 4.818959952043839756e+00 7.014195516002437216e+02 1.000000000000000000e+01
6.593186372745488910e+00 1.915442269148338372e+00 4.761666224125457703e+00 7.301035495237143778e+02 1.000000000000000000e+01
6.633266533066130677e+00 2.137045875768273984e+00 4.696724287850906343e+00 7.599605568607355508e+02 1.000000000000000000e+01
6.673346693386772444e+00 2.347379215080560133e+00 4.624238453231917845e+00 7.910385429037286258e+02 1.000000000000000000e+01
6.713426853707414210e+00 2.544918005254545257e+00 4.544325147321532476e+00 8.233874386113997161e+02 1.000000000000000000e+01
6.753507014028055977e+00 2.728205485757096760e+00 4.457112727208479619e+00 8.570592168295293050e+02 1.000000000000000000e+01
6.793587174348697744e+00 2.895862981162675709e+00 4.362741273849483292e+00 8.921079757923286024e+02 1.000000000000000000e+01
6.833667334669339510e+00 3.046600049798377619e+00 4.261362367070635315e+00 9.285900260385197953e+02 1.000000000000000000e+01
6.873747494989977724e+00 3.179224143733544228e+00 4.153138842099252770e+00 9.665639808817755920e+02 1.000000000000000000e+01
6.913827655310619491e+00 3.292649709260979662e+00 4.038244528017208346e+00 1.006090850580893857e+03 1.000000000000000000e+01
6.953907815631261258e+00 3.385906660165496351e+00 3.916863968555988063e+00 1.047234140360952551e+03 1.000000000000000000e+01
6.993987975951903024e+00 3.458148159719128589e+00 3.789192125681727141e+00 1.090059952442996746e+03 1.000000000000000000e+01
7.034068136272544791e+00 3.508657651458559901e+00 3.655434066446496821e+00 1.134637092246131488e+03 1.000000000000000000e+01
7.074148296593186558e+00 3.536855083366059915e+00 3.515804633608732743e+00 1.181037178932669121e+03 1.000000000000000000e+01
7.114228456913828325e+00 3.542302275062076511e+00 3.370528100551896777e+00 1.229334760473932647e+03 1.000000000000000000e+01
7.154308617234466539e+00 3.524707382995015958e+00 3.219837811055632937e+00 1.279607433421579799e+03 1.000000000000000000e+01
7.194388777555108305e+00 3.483928424348013753e+00 3.063975804497954147e+00 1.331935967576903977e+03 1.000000000000000000e+01
7.234468937875750072e+00 3.419975826437098299e+00 2.903192427090651506e+00 1.386404435758340014e+03 1.000000000000000000e+01
7.274549098196391839e+00 3.333013974711158234e+00 2.737745929772103626e+00 1.443100348875758755e+03 1.000000000000000000e+01
7.314629258517033605e+00 3.223361739040383256e+00 2.567902053403538609e+00 1.502114796528491070e+03 1.000000000000000000e+01
7.354709418837675372e+00 3.091491964753215527e+00 2.393933601934949973e+00 1.563542593353005259e+03 1.000000000000000000e+01
7.394789579158317139e+00 2.938029921807302269e+00 2.216120004226237228e+00 1.627482431355353583e+03 1.000000000000000000e+01
7.434869739478958905e+00 2.763750712511500840e+00 2.034746865227395674e+00 1.694037038473137045e+03 1.000000000000000000e+01
7.474949899799597119e+00 2.569575645306045431e+00 1.850105507238658298e+00 1.763313343621726972e+03 1.000000000000000000e+01
7.515030060120238886e+00 2.356567589208466540e+00 1.662492501987322902e+00 1.835422648489955463e+03 1.000000000000000000e+01
7.555110220440880653e+00 2.125925330595737517e+00 1.472209194273093935e+00 1.910480806361189707e+03 1.000000000000000000e+01
7.595190380761522420e+00 1.878976960968300025e+00 1.279561217946727725e+00 1.988608408247217085e+03 1.000000000000000000e+01
7.635270541082164186e+00 1.617172331182825218e+00 1.084858004999671888e+00 2.069930976633896080e+03 1.000000000000000000e+01
7.675350701402805953e+00 1.342074614297702695e+00 8.884122885530951752e-01 2.154579167149888235e+03 1.000000000000000000e+01
7.715430861723447720e+00 1.055351025602816240e+00 6.905396005446298169e-01 2.242688978482476159e+03 1.000000000000000000e+01
7.755511022044085934e+00 7.587627545566905107e-01 4.915577649196631871e-01 2.334401970877710482e+03 1.000000000000000000e+01
7.795591182364727700e+00 4.541541691853091534e-01 2.917863871411051635e-01 2.429865493575990968e+03 1.000000000000000000e+01
7.835671342685369467e+00 1.434413589663397492e-01 9.154634083785270771e-02 2.529232921548365994e+03 1.000000000000000000e+01
7.875751503006011234e+00 -1.713999127123309596e-01 -1.088407475838549937e-01 2.632663901914052531e+03 1.000000000000000000e+01
7.915831663326653000e+00 -4.883467708043841560e-01 -3.090530155381085997e-01 2.740324610434968235e+03 1.000000000000000000e+01
7.955911823647294767e+00 -8.053422257024297481e-01 -5.087688812363702073e-01 2.852388018499414557e+03 1.000000000000000000e+01
7.995991983967936534e+00 -1.120308521673777369e+00 -7.076675602134976373e-01 2.969034171023840827e+03 1.000000000000000000e+01
8.036072144288574748e+00 -1.431160750021753358e+00 -9.054295805730866453e-01 3.090450475719176666e+03 1.000000000000000000e+01
8.076152304609216515e+00 -1.735820637816134715e+00 -1.101737296124646770e+00 3.216832004186531321e+03 1.000000000000000000e+01
8.116232464929858281e+00 -2.032230421075619464e+00 -1.296275396588146611e+00 3.348381805325859204e+03 1.000000000000000000e+01
8.156312625250500048e+00 -2.318366709927794922e+00 -1.488731414046784662e+00 3.485311231561329350e+03 1.000000000000000000e+01
8.196392785571141815e+00 -2.592254252528231273e+00 -1.678796224834256279e+00 3.627840278407374171e+03 1.000000000000000000e+01
8.236472945891783581e+00 -2.851979504403548749e+00 -1.866164546050489204e+00 3.776197937921028824e+03 1.000000000000000000e+01
8.276553106212425348e+00 -3.095703910396869318e+00 -2.050535425908323717e+00 3.930622566608429224e+03 1.000000000000000000e+01
8.316633266533067115e+00 -3.321676807540431042e+00 -2.231612727123542417e+00 4.091362268376550674e+03 1.000000000000000000e+01
8.356713426853705329e+00 -3.528247858956191418e+00 -2.409105602571808724e+00 4.258675293145445721e+03 1.000000000000000000e+01
8.396793587174347095e+00 -3.713878931283916884e+00 -2.582728962448604726e+00 4.432830451761483346e+03 1.000000000000000000e+01
8.436873747494988862e+00 -3.877155331145541339e+00 -2.752203932181584101e+00 4.614107547877990328e+03 1.000000000000000000e+01
8.476953907815630629e+00 -4.016796319760179479e+00 -2.917258300360146883e+00 4.802797827497462094e+03 1.000000000000000000e+01
8.517034068136272396e+00 -4.131664829004040307e+00 -3.077626955962540656e+00 4.999204446897362686e+03 1.000000000000000000e+01
8.557114228456914162e+00 -4.220776306941904643e+00 -3.233052314178299191e+00 5.203642959691410397e+03 1.000000000000000000e+01
8.597194388777555929e+00 -4.283306626112457494e+00 -3.383284730142050556e+00 5.416441823808833760e+03 1.000000000000000000e+01
8.637274549098194143e+00 -4.318598993597701607e+00 -3.528082899914140036e+00 5.637942929206132249e+03 1.000000000000000000e+01
8.677354709418835910e+00 -4.326169808111484549e+00 -3.667214248064087467e+00 5.868502147159293600e+03 1.000000000000000000e+01
8.717434869739477676e+00 -4.305713415965392699e+00 -3.800455301234141103e+00 6.108489902018672183e+03 1.000000000000000000e+01
8.757515030060119443e+00 -4.257105724770381627e+00 -3.927592047083186877e+00 6.358291766345545511e+03 1.000000000000000000e+01
8.797595190380761210e+00 -4.180406641064741358e+00 -4.048420278034251751e+00 6.618309080386195092e+03 1.000000000000000000e+01
8.837675350701402976e+00 -4.075861305676547808e+00 -4.162745919273579176e+00 6.888959596878919001e+03 1.000000000000000000e+01
8.877755511022044743e+00 -3.943900108482185640e+00 -4.270385340474410540e+00 7.170678152229917032e+03 1.000000000000000000e+01
8.917835671342682957e+00 -3.785137472260521996e+00 -4.371165650744781139e+00 7.463917365136349872e+03 1.000000000000000000e+01
8.957915831663324724e+00 -3.600369403511898714e+00 -4.464924976325638006e+00 7.769148363779176179e+03 1.000000000000000000e+01
8.997995991983966491e+00 -3.390569816358672828e+00 -4.551512720593095196e+00 8.086861542753697904e+03 1.000000000000000000e+01
9.038076152304608257e+00 -3.156885643913186268e+00 -4.630789805947407523e+00 8.417567350954441281e+03 1.000000000000000000e+01
9.078156312625250024e+00 -2.900630759736066100e+00 -4.702628897199981672e+00 8.761797111679845329e+03 1.000000000000000000e+01
9.118236472945891791e+00 -2.623278740155048361e+00 -4.766914606099698304e+00 9.120103876274502909e+03 1.000000000000000000e+01
9.158316633266533557e+00 -2.326454506217655371e+00 -4.823543676670005276e+00 9.493063312680418676e+03 1.000000000000000000e+01
9.198396793587175324e+00 -2.011924891854612429e+00 -4.872425151059101900e+00 9.881274630324887767e+03 1.000000000000000000e+01
9.238476953907813538e+00 -1.681588192380926827e+00 -4.913480515636821089e+00 1.028536154283088217e+04 1.000000000000000000e+01
9.278557114228455305e+00 -1.337462754705176726e+00 -4.946643827103567759e+00 1.070597327009689616e+04 1.000000000000000000e+01
9.318637274549097071e+00 -9.816746775047677787e-01 -4.971861818408697786e+00 1.114378558135570347e+04 1.000000000000000000e+01
9.358717434869738838e+00 -6.164446961043834605e-01 -4.989093984308305529e+00 1.159950188088852883e+04 1.000000000000000000e+01
9.398797595190380605e+00 -2.440743328236841814e-01 -4.998312646424897920e+00 1.207385433813847339e+04 1.000000000000000000e+01
9.438877755511022372e+00 1.330686009089272759e-01 -4.999502997704536433e+00 1.256760506403905492e+04 1.000000000000000000e+01
9.478957915831664138e+00 5.125650593853080528e-01 -4.992663126199977874e+00 1.308154733544779083e+04 1.000000000000000000e+01
9.519038076152302352e+00 8.919602786786375859e-01 -4.977804018141658737e+00 1.361650686965196473e+04 1.000000000000000000e+01
9.559118236472944119e+00 1.268779654414947000e+00 -4.954949540291561760e+00 1.417334315099453670e+04 1.000000000000000000e+01
9.599198396793585886e+00 1.640544878560042275e+00 -4.924136401608324221e+00 1.475295081175090672e+04 1.000000000000000000e+01
9.639278557114227652e+00 2.004790230019328323e+00 -4.885414094285155606e+00 1.535626106947600420e+04 1.000000000000000000e+01
9.679358717434869419e+00 2.359078912023971686e+00 -4.838844814255264914e+00 1.598424322313031371e+04 1.000000000000000000e+01
9.719438877755511186e+00 2.701019328157461263e+00 -4.784503361292490098e+00 1.663790621038885001e+04 1.000000000000000000e+01
9.759519038076152952e+00 3.028281188471519503e+00 -4.722477018867591525e+00 1.731830022863504564e+04 1.000000000000000000e+01
9.799599198396791166e+00 3.338611337458463169e+00 -4.652865413953174212e+00 1.802651842224382926e+04 1.000000000000000000e+01
9.839679358717432933e+00 3.629849196691287805e+00 -4.575780357002401821e+00 1.876369863886514577e+04 1.000000000000000000e+01
9.879759519038074700e+00 3.899941716710181527e+00 -4.491345662358612323e+00 1.953102525752864312e+04 1.000000000000000000e+01
9.919839679358716467e+00 4.146957735220220265e+00 -4.399696949384173550e+00 2.032973109150793607e+04 1.000000000000000000e+01
9.959919839679358233e+00 4.369101641854634011e+00 -4.300981424628097294e+00 2.116109936900061439e+04 1.000000000000000000e+01
1.000000000000000000e+01 4.564726253638139220e+00 -4.195357645382261857e+00 2.202646579480671789e+04 1.000000000000000000e+01
